 <pre>

 Contingency table for Visibility (m)
 Selection: ALL    712 stations
Period: 20240207-20240222
Used {00,03,...,21} + 00 03 ... 48
 Limits    1000.00000       5000.00000       10000.0000       20000.0000    
 Each class is data <= limit, the very last > last limit
 Total number of values      458174
                                     OBSERVATION
                                  10993    10764     3688     1948     1384 |     28777
                                   5488    36801    21114    16614    10590 |     90607
                    sam7mbr000     2147    16702    23032    30585    30073 |    102539
                                    877     6672    15558    30433    56691 |    110231
                                   1403     7839    15153    35641    65984 |    126020

                    SUM           20908    78778    78545   115221   164722 |    458174
                                     OBSERVATION
                                  11012    10752     3723     1950     1384 |     28821
                                   5448    36830    21040    16707    10643 |     90668
                    sam8mbr000     2159    16819    23122    30676    30165 |    102941
                                    898     6582    15522    30279    56693 |    109974
                                   1391     7795    15138    35609    65837 |    125770

                    SUM           20908    78778    78545   115221   164722 |    458174

