 <pre>

 Contingency table for Cloud cover (octas)
 Selection: ALL    401 stations
Period: 20240207-20240222
Used {00,03,...,21} + 03 06 ... 48
 Limits   0.500000000       1.50000000       2.50000000       3.50000000       4.50000000       5.50000000       6.50000000       7.50000000    
 Each class is data <= limit, the very last > last limit
 Total number of values      190238
                                                       OBSERVATION
                                   6451     1039     1408      545      277      371      430      267     1126 |     11914
                                   1412      312      560      265      168      235      286      277     1024 |      4539
                                    756      169      364      236      104      193      302      216      927 |      3267
                                    605      143      275      201      100      160      251      249      914 |      2898
                    sam7mbr000      528      123      295      179      111      188      270      320     1054 |      3068
                                    422      120      277      175      121      186      334      331     1412 |      3378
                                    545      133      319      227      137      250      419      517     1936 |      4483
                                    733      218      439      357      225      412      770     1007     4265 |      8426
                                   2430      724     1317     1426     1110     2025     4795    18449   115989 |    148265

                    SUM           13882     2981     5254     3611     2353     4020     7857    21633   128647 |    190238
                                                       OBSERVATION
                                   6418     1022     1374      530      284      372      424      249     1142 |     11815
                                   1416      311      601      284      168      240      285      262     1020 |      4587
                                    760      164      378      224      116      172      304      236      912 |      3266
                                    571      140      294      193      106      155      260      244      908 |      2871
                    sam8mbr000      515      126      273      177      108      177      270      298     1047 |      2991
                                    458      122      275      178      105      194      337      335     1381 |      3385
                                    526      141      315      222      129      237      431      528     1969 |      4498
                                    755      225      425      371      237      426      743      974     4276 |      8432
                                   2463      730     1319     1432     1100     2047     4803    18507   115992 |    148393

                    SUM           13882     2981     5254     3611     2353     4020     7857    21633   128647 |    190238

